A = [1 2 3; 4 5 6; 7 8 9];
A(:,:,2) = [10 11 12; 13 14 15; 16 17 18];
D = A(1:3,:,:)