TRT(1) = 6;
TRT(2) = 9;
TRT(3) = 12;
TRT(4) = 18;
TRT(5) = 24;
TRT(6) = 36;
TRT(7) = 48;
TRT(8) = 54;
%SNR=Rmin+85%
SNRT(1) = -82+85;
SNRT(2) = -81+85;
SNRT(3) = -79+85;
SNRT(4) = -77+85;
SNRT(5) = -74+85;
SNRT(6) = -70+85;
SNRT(7) = -66+85;
SNRT(8) = -65+85;