%% SNRÇ∆ì`ëóÉåÅ[ÉgÇÃä÷åW (IEEE802.11ac, 20MHz)
% TRT(1) = 7.2;
% TRT(2) = 14.4;
% TRT(3) = 21.7;
% TRT(4) = 28.9;
% TRT(5) = 43.3;
% TRT(6) = 57.8;
% TRT(7) = 65.0;
% TRT(8) = 72.2;
% TRT(9) = 86.7;
% 
% SNRT(1) = 6.637744;
% SNRT(2) = 10.24946;
% SNRT(3) = 12.07158;
% SNRT(4) = 15.32538;
% SNRT(5) = 18.35141;
% SNRT(6) = 22.51627;
% SNRT(7) = 23.88286;
% SNRT(8) = 25.31453;
% SNRT(9) = 29.25163;

%% SNRÇ∆ì`ëóÉåÅ[ÉgÇÃä÷åW (IEEE802.11ac, 40MHz, GI=800ns)
SNRT(1) = 85 -79.0;
SNRT(2) = 85 -76.0;
SNRT(3) = 85 -74.0;
SNRT(4) = 85 -71.0;
SNRT(5) = 85 -67.0;
SNRT(6) = 85 -63.0;
SNRT(7) = 85 -62.0;
SNRT(8) = 85 -61.0;
SNRT(9) = 85 -56.0;
SNRT(10) = 85 -54.0;

TRT(1) = 15.000;
TRT(2) = 30.000;
TRT(3) = 45.000;
TRT(4) = 60.000;
TRT(5) = 90.000;
TRT(6) = 120.00;
TRT(7) = 135.00;
TRT(8) = 150.00;
TRT(9) = 180.00;
TRT(10) = 200.00;